[[2174945, 2183281, 2299652, 2339736, 2474620, 1486291, 1545202, 1574989, 1475510, 1505941, 1452418, 1529317, 1562924, 1554345, 1469622, 1451062, 1450984, 1450484, 1450205, 1592411, 1521671, 1465388, 1457303, 1447406, 0, 1360272, 1556902, 2311669, 0, 1450027, 2257725, 2530989, 1470303, 2448218, 2531158, 2283659, 1429611, 2525593, 1438851, 2638848, 1972410, 1495098, 2315708, 1494922, 2555656, 2408868, 2342072, 2189474, 1431010, 1437800, 2312321, 2541482, 1439398, 1428424, 2459342, 2397561, 2383032, 1444011, 2338091, 2281544, 2522764, 930363, 2302915, 2330523, 2222995, 2222729, 1435307], [2183281, 2193745, 2300076, 2342612, 2478613, 1488243, 1547242, 1577067, 1477541, 1507862, 1454270, 1531355, 1565038, 1556472, 1471503, 1452944, 1452887, 1452567, 1452289, 1594642, 1523881, 1467213, 1459106, 1449156, 0, 1361587, 1559121, 2310748, 0, 1451922, 2256283, 2532221, 1472175, 2447129, 2530496, 2282445, 1431436, 2526678, 1440893, 2639782, 1978477, 1497648, 2320197, 1497292, 2556011, 2409531, 2341660, 2191353, 1433003, 1439716, 2311738, 2543524, 1441254, 1430280, 2460204, 2396537, 2381602, 1445901, 2335364, 2280361, 2522195, 930514, 2311710, 2339077, 2222942, 2222680, 1437230], [2299652, 2300076, 2602285, 2658119, 2843932, 1427899, 1483685, 1511943, 1416299, 1447582, 1396595, 1468536, 1500054, 1491306, 1413067, 1394317, 1393860, 1390302, 1389997, 1527335, 1458259, 1410029, 1402511, 1393687, 0, 1316096, 1492202, 2664884, 0, 1393426, 2569104, 2960788, 1413987, 2860990, 2934050, 2622366, 1374675, 2958241, 1380102, 3135188, 2061455, 1425529, 2596200, 1428809, 3005061, 2789772, 2719484, 2474654, 1372916, 1381146, 2667434, 2997666, 1383943, 1373178, 2865043, 2792423, 2774932, 1387711, 2712928, 2633007, 2985579, 913546, 2603543, 2634627, 2554181, 2553751, 1378550], [2339736, 2342612, 2658119, 2739895, 2941484, 1401991, 1456821, 1484435, 1391144, 1421364, 1372781, 1442852, 1475087, 1464069, 1387650, 1364576, 1364031, 1367369, 1367081, 1496029, 1428755, 1384983, 1377591, 1368370, 0, 1291010, 1464156, 2739994, 0, 1368623, 2630321, 3066542, 1389926, 2953153, 3023797, 2691828, 1349479, 3064613, 1357379, 3261834, 2096753, 1401422, 2675043, 1404143, 3113814, 2879739, 2802772, 2543423, 1348338, 1357197, 2744926, 3115670, 1360614, 1349948, 2962976, 2879664, 2859384, 1364087, 2787027, 2707204, 3094179, 894996, 2699165, 2729035, 2622985, 2622531, 1354608], [2474620, 2478613, 2843932, 2941484, 3176595, 1424812, 1480911, 1509720, 1411379, 1444853, 1393459, 1465346, 1498311, 1486292, 1409451, 1389283, 1388819, 1387998, 1387705, 1518629, 1448484, 1406844, 1399248, 1390990, 0, 1315249, 1488288, 2942632, 0, 1389536, 2813439, 3316099, 1411138, 3183256, 3254223, 2886839, 1370512, 3310782, 1374621, 3538125, 2199204, 1417505, 2865242, 1421748, 3365785, 3102507, 3019391, 2721903, 1366817, 1376718, 2948692, 3379008, 1380805, 1369591, 3198489, 3101191, 3077237, 1384061, 2992121, 2907411, 3349175, 927939, 2912465, 2945600, 2807968, 2807457, 1373961], [1486291, 1488243, 1427899, 1401991, 1424812, 1422136, 1478130, 1506851, 1408777, 1442215, 1391019, 1462670, 1495564, 1483513, 1406938, 1386390, 1385891, 1385254, 1384959, 1515561, 1445607, 1404376, 1396804, 1388520, 0, 1312992, 1485283, 1379128, 0, 1387029, 1426622, 1408724, 1408676, 1397440, 1479155, 1385043, 1368047, 1383895, 1372160, 1358728, 1411169, 1414530, 1421205, 1418891, 1392850, 1393743, 1360535, 1351525, 1364290, 1374264, 1370950, 1354724, 1378420, 1367233, 1390186, 1384360, 1380869, 1381631, 1387912, 1365309, 1357415, 926202, 1305634, 1338972, 1304224, 1304224, 1371506], [1545202, 1547242, 1483685, 1456821, 1480911, 1478130, 1537981, 1568807, 1463089, 1499862, 1444865, 1519248, 1552945, 1541327, 1461624, 1441645, 1441135, 1439155, 1438850, 1574279, 1500453, 1459070, 1451110, 1442643, 0, 1363519, 1544318, 1432996, 0, 1440891, 1483307, 1463514, 1463433, 1451552, 1537323, 1438290, 1420849, 1436902, 1424350, 1409984, 1467851, 1470408, 1476988, 1474481, 1446263, 1447826, 1413140, 1403371, 1416596, 1427133, 1423497, 1406805, 1431548, 1419867, 1443833, 1437754, 1434121, 1434964, 1441834, 1418130, 1409480, 969348, 1354795, 1390040, 1352821, 1352821, 1424235], [1574989, 1577067, 1511943, 1484435, 1509720, 1506851, 1568807, 1601148, 1489753, 1529266, 1471293, 1547369, 1581580, 1569918, 1488768, 1471653, 1471299, 1466949, 1466649, 1603970, 1527299, 1486214, 1477977, 1469939, 0, 1389433, 1575563, 1460024, 0, 1467540, 1512485, 1490574, 1490422, 1477945, 1566482, 1464540, 1447035, 1462605, 1449111, 1433665, 1497508, 1498987, 1505358, 1502612, 1471737, 1474571, 1439298, 1428671, 1442093, 1452938, 1449099, 1431873, 1457469, 1445390, 1470196, 1463888, 1460092, 1461015, 1468467, 1444248, 1434462, 999780, 1378123, 1414659, 1375042, 1375042, 1449951], [1475510, 1477541, 1416299, 1391144, 1411379, 1408777, 1463089, 1489753, 1400094, 1428462, 1381502, 1452154, 1484771, 1473373, 1396485, 1368413, 1367546, 1372653, 1372340, 1503740, 1437654, 1393700, 1386435, 1376513, 0, 1299621, 1469015, 1367850, 0, 1377142, 1412112, 1398552, 1398650, 1388278, 1467048, 1375508, 1358090, 1376150, 1366365, 1355167, 1398665, 1403085, 1409840, 1407920, 1386261, 1383784, 1350395, 1343814, 1356237, 1365706, 1362716, 1347188, 1369628, 1359030, 1380746, 1375255, 1372210, 1372782, 1377666, 1355359, 1350270, 886313, 1301367, 1332423, 1301466, 1301466, 1363074], [1505941, 1507862, 1447582, 1421364, 1444853, 1442215, 1499862, 1529266, 1428462, 1463465, 1411381, 1483319, 1516212, 1504563, 1427299, 1404852, 1404131, 1403825, 1403512, 1536065, 1464997, 1424957, 1417318, 1408704, 0, 1332316, 1505125, 1399077, 0, 1407001, 1447514, 1429311, 1429310, 1418105, 1500731, 1404878, 1387650, 1403521, 1391695, 1378163, 1428572, 1433130, 1440269, 1438046, 1412995, 1413867, 1380034, 1370297, 1383574, 1394028, 1390502, 1374598, 1398494, 1387200, 1410321, 1404494, 1400886, 1401702, 1408378, 1385181, 1377194, 940140, 1322929, 1357529, 1322870, 1322870, 1391195], [1452418, 1454270, 1396595, 1372781, 1393459, 1391019, 1444865, 1471293, 1381502, 1411381, 1366983, 1434814, 1467514, 1454719, 1380028, 1347859, 1346526, 1354495, 1354159, 1483172, 1418055, 1378013, 1371029, 1360914, 0, 1286917, 1447601, 1351792, 0, 1360828, 1395122, 1383060, 1383338, 1373814, 1450529, 1360055, 1342300, 1360488, 1350834, 1339798, 1373080, 1381753, 1390105, 1388550, 1370912, 1367988, 1334449, 1327943, 1340434, 1350341, 1346947, 1332593, 1354589, 1344172, 1365404, 1360122, 1357041, 1357670, 1362948, 1340245, 1335421, 876340, 1283698, 1316486, 1287657, 1287657, 1347662], [1529317, 1531355, 1468536, 1442852, 1465346, 1462670, 1519248, 1547369, 1452154, 1483319, 1434814, 1509085, 1544694, 1530109, 1449905, 1419618, 1418579, 1424577, 1424248, 1560877, 1491515, 1447088, 1439535, 1429521, 0, 1350911, 1524901, 1420278, 0, 1429710, 1466469, 1452165, 1452360, 1441866, 1523787, 1428980, 1410294, 1428387, 1417678, 1405429, 1445550, 1453209, 1461586, 1459706, 1438470, 1436618, 1402033, 1394221, 1407643, 1417773, 1414645, 1398213, 1421989, 1410735, 1433697, 1427966, 1424632, 1425289, 1430835, 1407308, 1401340, 922007, 1349158, 1383197, 1349833, 1349833, 1414972], [1562924, 1565038, 1500054, 1475087, 1498311, 1495564, 1552945, 1581580, 1484771, 1516212, 1467514, 1544694, 1583575, 1564702, 1482258, 1449833, 1448704, 1457293, 1456966, 1595987, 1524613, 1479371, 1471615, 1461497, 0, 1381011, 1559845, 1452243, 0, 1461854, 1499274, 1485049, 1485276, 1474598, 1558626, 1461780, 1442221, 1461120, 1449988, 1437253, 1475735, 1485106, 1494479, 1492575, 1471055, 1469112, 1433575, 1426170, 1439687, 1449975, 1446740, 1429680, 1454236, 1442609, 1466320, 1460408, 1456930, 1457588, 1463163, 1439048, 1433023, 940679, 1379395, 1414394, 1380553, 1380553, 1447123], [1554345, 1556472, 1491306, 1464069, 1486292, 1483513, 1541327, 1569918, 1473373, 1504563, 1454719, 1530109, 1564702, 1553130, 1470692, 1441224, 1440292, 1444605, 1444269, 1584591, 1514785, 1467520, 1459854, 1449412, 0, 1368721, 1546883, 1440227, 0, 1450221, 1486576, 1472371, 1472561, 1461915, 1544883, 1449149, 1430243, 1448624, 1438024, 1425901, 1469909, 1475691, 1483272, 1481301, 1459069, 1456839, 1421885, 1414343, 1427845, 1437794, 1434888, 1417853, 1441798, 1430467, 1453595, 1447817, 1444714, 1445337, 1450637, 1426873, 1421082, 929113, 1370325, 1404289, 1369149, 1369149, 1434973], [1469622, 1471503, 1413067, 1387650, 1409451, 1406938, 1461624, 1488768, 1396485, 1427299, 1380028, 1449905, 1482258, 1470692, 1394884, 1366579, 1365569, 1369663, 1369337, 1500306, 1433744, 1392418, 1385196, 1375621, 0, 1300847, 1465804, 1366350, 0, 1375150, 1411395, 1396926, 1397086, 1386933, 1465494, 1373872, 1356415, 1373315, 1363047, 1351302, 1390508, 1397478, 1405233, 1403451, 1383317, 1381846, 1348697, 1340199, 1353441, 1363509, 1360348, 1345134, 1367827, 1357086, 1379006, 1373533, 1370205, 1370886, 1376577, 1353944, 1347920, 893794, 1296456, 1329379, 1297916, 1297916, 1360787], [1451062, 1452944, 1394317, 1364576, 1389283, 1386390, 1441645, 1471653, 1368413, 1404852, 1347859, 1419618, 1449833, 1441224, 1366579, 1366372, 1367178, 1349270, 1349030, 1477477, 1405113, 1363537, 1355728, 1350412, 0, 1278189, 1454221, 1340877, 0, 1347009, 1390059, 1366339, 1365854, 1353097, 1435820, 1343970, 1328775, 1339788, 1325901, 1309978, 1384321, 1380715, 1384849, 1381688, 1346183, 1352476, 1322061, 1309980, 1322465, 1331703, 1328986, 1310834, 1335242, 1323762, 1347510, 1341335, 1337715, 1338612, 1345910, 1324820, 1312966, 945366, 1264824, 1297954, 1255708, 1255708, 1328988], [1450984, 1452887, 1393860, 1364031, 1388819, 1385891, 1441135, 1471299, 1367546, 1404131, 1346526, 1418579, 1448704, 1440292, 1365569, 1367178, 1368153, 1348952, 1348720, 1476931, 1404306, 1362418, 1354557, 1349474, 0, 1277175, 1454475, 1339950, 0, 1345955, 1389484, 1365138, 1364609, 1351655, 1434809, 1342776, 1327712, 1338488, 1324406, 1308257, 1385326, 1380779, 1384576, 1381314, 1344685, 1351355, 1321056, 1308830, 1321259, 1330441, 1327750, 1309378, 1333927, 1322387, 1346284, 1340053, 1336417, 1337318, 1344645, 1323645, 1311512, 948113, 1263778, 1296752, 1253797, 1253797, 1327726], [1450484, 1452567, 1390302, 1367369, 1387998, 1385254, 1439155, 1466949, 1372653, 1403825, 1354495, 1424577, 1457293, 1444605, 1369663, 1349270, 1348952, 1352917, 1352660, 1476529, 1408761, 1366901, 1359455, 1351388, 0, 1276523, 1447859, 1342620, 0, 1350550, 1388166, 1371680, 1371591, 1360395, 1440829, 1348252, 1331748, 1349101, 1337806, 1324881, 1381645, 1382112, 1387617, 1385161, 1357575, 1357391, 1324457, 1318488, 1329559, 1338678, 1335332, 1319241, 1342307, 1331439, 1353820, 1348074, 1344955, 1345600, 1350969, 1329172, 1322259, 898810, 1274306, 1304705, 1271872, 1271872, 1336069], [1450205, 1452289, 1389997, 1367081, 1387705, 1384959, 1438850, 1466649, 1372340, 1403512, 1354159, 1424248, 1456966, 1444269, 1369337, 1349030, 1348720, 1352660, 1352405, 1476212, 1408437, 1366569, 1359121, 1351070, 0, 1276207, 1447599, 1342309, 0, 1350230, 1387857, 1371348, 1371256, 1360051, 1440493, 1347924, 1331430, 1348777, 1337473, 1324537, 1381454, 1381864, 1387348, 1384887, 1357234, 1357067, 1324144, 1318185, 1329241, 1338352, 1335007, 1318905, 1341973, 1331105, 1353489, 1347742, 1344624, 1345269, 1350635, 1328849, 1321925, 898800, 1274013, 1304388, 1271532, 1271532, 1335743], [1592411, 1594642, 1527335, 1496029, 1518629, 1515561, 1574279, 1603970, 1503740, 1536065, 1483172, 1560877, 1595987, 1584591, 1500306, 1477477, 1476931, 1476529, 1476212, 1621572, 1548558, 1496884, 1488916, 1479246, 0, 1396915, 1583374, 1469653, 0, 1479596, 1516716, 1501496, 1501490, 1489839, 1575531, 1478388, 1459477, 1477595, 1465899, 1452518, 1508163, 1510639, 1517345, 1514867, 1487018, 1486256, 1451116, 1444447, 1457165, 1466376, 1463802, 1444844, 1469683, 1457975, 1482066, 1475902, 1472994, 1473608, 1478846, 1455276, 1448049, 959375, 1400525, 1434397, 1394660, 1394660, 1463558], [1521671, 1523881, 1458259, 1428755, 1448484, 1445607, 1500453, 1527299, 1437654, 1464997, 1418055, 1491515, 1524613, 1514785, 1433744, 1405113, 1404306, 1408761, 1408437, 1548558, 1482596, 1430163, 1422811, 1412141, 0, 1332722, 1507688, 1403313, 0, 1414047, 1445819, 1434806, 1434977, 1424726, 1504260, 1413438, 1394835, 1413914, 1404353, 1393422, 1438025, 1441806, 1448485, 1446492, 1424057, 1420383, 1386609, 1382086, 1394171, 1402632, 1400476, 1382744, 1405599, 1394813, 1416944, 1411332, 1408961, 1409388, 1413231, 1390753, 1386126, 887718, 1343938, 1374857, 1338680, 1338680, 1400006], [1465388, 1467213, 1410029, 1384983, 1406844, 1404376, 1459070, 1486214, 1393700, 1424957, 1378013, 1447088, 1479371, 1467520, 1392418, 1363537, 1362418, 1366901, 1366569, 1496884, 1430163, 1390285, 1383112, 1373522, 0, 1299310, 1462619, 1364106, 0, 1372736, 1409242, 1394870, 1395050, 1384996, 1463298, 1371464, 1354045, 1371004, 1360707, 1348930, 1386696, 1394359, 1402375, 1400647, 1381117, 1379657, 1346344, 1337838, 1351046, 1361293, 1357933, 1343147, 1365756, 1355052, 1376889, 1371442, 1368042, 1368750, 1374633, 1351877, 1345832, 895268, 1292883, 1326234, 1295836, 1295836, 1358557], [1457303, 1459106, 1402511, 1377591, 1399248, 1396804, 1451110, 1477977, 1386435, 1417318, 1371029, 1439535, 1471615, 1459854, 1385196, 1355728, 1354557, 1359455, 1359121, 1488916, 1422811, 1383112, 1376018, 1366343, 0, 1292615, 1454326, 1356957, 0, 1365649, 1401569, 1387704, 1387906, 1378022, 1455585, 1364498, 1347083, 1364092, 1353979, 1342413, 1378603, 1386636, 1394744, 1393079, 1374250, 1372554, 1339382, 1331061, 1344209, 1354394, 1351064, 1336440, 1358830, 1348227, 1369845, 1364463, 1361117, 1361813, 1367608, 1344947, 1339117, 888521, 1286413, 1319636, 1289727, 1289727, 1351674], [1447406, 1449156, 1393687, 1368370, 1390990, 1388520, 1442643, 1469939, 1376513, 1408704, 1360914, 1429521, 1461497, 1449412, 1375621, 1350412, 1349474, 1351388, 1351070, 1479246, 1412141, 1373522, 1366343, 1357732, 0, 1285660, 1447052, 1348032, 0, 1356008, 1393607, 1377764, 1377869, 1367611, 1445662, 1354791, 1337786, 1353360, 1342459, 1329988, 1370585, 1377750, 1385627, 1383768, 1362773, 1362772, 1330266, 1320782, 1333991, 1344194, 1340881, 1325874, 1348622, 1337857, 1359840, 1354340, 1350795, 1351565, 1357901, 1335520, 1328391, 897444, 1275279, 1308890, 1277498, 1277498, 1341461], [0, 0, 0, 0, 0, 0, 0, 0, 0, 0, 0, 0, 0, 0, 0, 0, 0, 0, 0, 0, 0, 0, 0, 0, 0, 0, 0, 0, 0, 0, 0, 0, 0, 0, 0, 0, 0, 0, 0, 0, 0, 0, 0, 0, 0, 0, 0, 0, 0, 0, 0, 0, 0, 0, 0, 0, 0, 0, 0, 0, 0, 0, 0, 0, 0, 0, 0], [1360272, 1361587, 1316096, 1291010, 1315249, 1312992, 1363519, 1389433, 1299621, 1332316, 1286917, 1350911, 1381011, 1368721, 1300847, 1278189, 1277175, 1276523, 1276207, 1396915, 1332722, 1299310, 1292615, 1285660, 0, 1222707, 1366573, 1274840, 0, 1281667, 1319026, 1302579, 1302748, 1293367, 1366405, 1281718, 1265371, 1277711, 1266465, 1253599, 1285433, 1296349, 1305457, 1303892, 1286153, 1288084, 1258135, 1246110, 1259866, 1270221, 1267040, 1252871, 1274849, 1264414, 1285595, 1280393, 1276496, 1277414, 1284836, 1263373, 1254853, 865595, 1199693, 1234526, 1204970, 1204970, 1267511], [1556902, 1559121, 1492202, 1464156, 1488288, 1485283, 1544318, 1575563, 1469015, 1505125, 1447601, 1524901, 1559845, 1546883, 1465804, 1454221, 1454475, 1447859, 1447599, 1583374, 1507688, 1462619, 1454326, 1447052, 0, 1366573, 1557069, 1437691, 0, 1445102, 1489509, 1466970, 1466634, 1453575, 1542024, 1442122, 1425125, 1440536, 1426911, 1411299, 1483400, 1481357, 1486527, 1483415, 1448495, 1451880, 1417618, 1408323, 1420727, 1430566, 1427204, 1408761, 1434425, 1422360, 1447326, 1440830, 1437155, 1437962, 1444600, 1421536, 1411580, 985916, 1360393, 1394240, 1353254, 1353254, 1427726], [2311669, 2310748, 2664884, 2739994, 2942632, 1379128, 1432996, 1460024, 1367850, 1399077, 1351792, 1420278, 1452243, 1440227, 1366350, 1340877, 1339950, 1342620, 1342309, 1469653, 1403313, 1364106, 1356957, 1348032, 0, 1274840, 1437691, 2758977, 0, 1347305, 2648093, 3081010, 1368659, 2975332, 3043229, 2709625, 1328917, 3080382, 1334484, 3279689, 2064928, 1370319, 2664357, 1375735, 3132154, 2893052, 2819823, 2544228, 1325656, 1335538, 2760562, 3129301, 1339791, 1329187, 2977952, 2900302, 2880388, 1342774, 2813179, 2725894, 3116619, 886728, 2681540, 2713753, 2643345, 2642868, 1332874], [0, 0, 0, 0, 0, 0, 0, 0, 0, 0, 0, 0, 0, 0, 0, 0, 0, 0, 0, 0, 0, 0, 0, 0, 0, 0, 0, 0, 0, 0, 0, 0, 0, 0, 0, 0, 0, 0, 0, 0, 0, 0, 0, 0, 0, 0, 0, 0, 0, 0, 0, 0, 0, 0, 0, 0, 0, 0, 0, 0, 0, 0, 0, 0, 0, 0, 0], [1450027, 1451922, 1393426, 1368623, 1389536, 1387029, 1440891, 1467540, 1377142, 1407001, 1360828, 1429710, 1461854, 1450221, 1375150, 1347009, 1345955, 1350550, 1350230, 1479596, 1414047, 1372736, 1365649, 1356008, 0, 1281667, 1445102, 1347305, 0, 1356237, 1390562, 1377389, 1377547, 1367613, 1444532, 1354866, 1337606, 1354693, 1344779, 1333441, 1372276, 1378726, 1386196, 1384430, 1364480, 1362664, 1329976, 1322430, 1335116, 1344750, 1341733, 1326633, 1348810, 1338317, 1359743, 1354384, 1351269, 1351902, 1357225, 1335054, 1329440, 878738, 1279867, 1311870, 1281048, 1281048, 1342109], [2257725, 2256283, 2569104, 2630321, 2813439, 1426622, 1483307, 1512485, 1412112, 1447514, 1395122, 1466469, 1499274, 1486576, 1411395, 1390059, 1389484, 1388166, 1387857, 1516716, 1445819, 1409242, 1401569, 1393607, 0, 1319026, 1489509, 2648093, 0, 1390562, 2563824, 2933778, 1413347, 2840264, 2915786, 2603330, 1371614, 2928303, 1374094, 3097191, 2032968, 1415197, 2564535, 1420422, 2975636, 2765897, 2696398, 2446672, 1366218, 1377548, 2644935, 2965744, 1382774, 1371366, 2840386, 2772351, 2753960, 1385472, 2699021, 2616026, 2956993, 942509, 2551223, 2585874, 2531112, 2530692, 1374672], [2530989, 2532221, 2960788, 3066542, 3316099, 1408724, 1463514, 1490574, 1398552, 1429311, 1383060, 1452165, 1485049, 1472371, 1396926, 1366339, 1365138, 1371680, 1371348, 1501496, 1434806, 1394870, 1387704, 1377764, 0, 1302579, 1466970, 3081010, 0, 1377389, 2933778, 3483714, 1400082, 3346553, 3412283, 3021007, 1358516, 3482065, 1366388, 3736577, 2238022, 1399658, 2976104, 1406038, 3544548, 3252357, 3166735, 2838116, 1356149, 1366342, 3090220, 3558356, 1370780, 1360127, 3357563, 3257334, 3232652, 1373799, 3139903, 3046106, 3531486, 894031, 3034575, 3067413, 2944953, 2944380, 1363620], [1470303, 1472175, 1413987, 1389926, 1411138, 1408676, 1463433, 1490422, 1398650, 1429310, 1383338, 1452360, 1485276, 1472561, 1397086, 1365854, 1364609, 1371591, 1371256, 1501490, 1434977, 1395050, 1387906, 1377869, 0, 1302748, 1466634, 1368659, 0, 1377547, 1413347, 1400082, 1400308, 1390401, 1468688, 1376372, 1358681, 1376735, 1366733, 1355295, 1391278, 1399375, 1407575, 1405916, 1387140, 1384759, 1350861, 1343516, 1356373, 1366589, 1363077, 1348573, 1371043, 1360406, 1382107, 1376693, 1373397, 1374063, 1379634, 1356692, 1351382, 892424, 1298322, 1331450, 1302193, 1302193, 1363864], [2448218, 2447129, 2860990, 2953153, 3183256, 1397440, 1451552, 1477945, 1388278, 1418105, 1373814, 1441866, 1474598, 1461915, 1386933, 1353097, 1351655, 1360395, 1360051, 1489839, 1424726, 1384996, 1378022, 1367611, 0, 1293367, 1453575, 2975332, 0, 1367613, 2840264, 3346553, 1390401, 3225693, 3290373, 2920550, 1348950, 3347553, 1357767, 3583464, 2171884, 1387300, 2864622, 1394463, 3407241, 3131441, 3051084, 2738892, 1346934, 1357119, 2982257, 3411301, 1361574, 1351116, 3229637, 3140498, 3118169, 1364580, 3036799, 2941830, 3393857, 877849, 2905722, 2938721, 2852434, 2851891, 1354409], [2531158, 2530496, 2934050, 3023797, 3254223, 1479155, 1537323, 1566482, 1467048, 1500731, 1450529, 1523787, 1558626, 1544883, 1465494, 1435820, 1434809, 1440829, 1440493, 1575531, 1504260, 1463298, 1455585, 1445662, 0, 1366405, 1542024, 3043229, 0, 1444532, 2915786, 3412283, 1468688, 3290373, 3364553, 2987346, 1424541, 3411463, 1431888, 3640346, 2254051, 1469693, 2938571, 1476043, 3470479, 3198216, 3115356, 2805156, 1421704, 1432687, 3047420, 3471343, 1437532, 1426122, 3295063, 3205852, 3183262, 1440645, 3103880, 3007726, 3454173, 947681, 2964621, 2999556, 2912546, 2912009, 1429789], [2283659, 2282445, 2622366, 2691828, 2886839, 1385043, 1438290, 1464540, 1375508, 1404878, 1360055, 1428980, 1461780, 1449149, 1373872, 1343970, 1342776, 1348252, 1347924, 1478388, 1413438, 1371464, 1364498, 1354791, 0, 1281718, 1442122, 2709625, 0, 1354866, 2603330, 3021007, 1376372, 2920550, 2987346, 2666123, 1336779, 3020897, 1343874, 3212941, 2039115, 1374855, 2619099, 1381645, 3071092, 2840100, 2768710, 2504719, 1334361, 1343860, 2713534, 3065641, 1347750, 1337264, 2921738, 2847352, 2828655, 1350960, 2764056, 2678849, 3054346, 871922, 2635156, 2668019, 2601389, 2600934, 1341198], [1429611, 1431436, 1374675, 1349479, 1370512, 1368047, 1420849, 1447035, 1358090, 1387650, 1342300, 1410294, 1442221, 1430243, 1356415, 1328775, 1327712, 1331748, 1331430, 1459477, 1394835, 1354045, 1347083, 1337786, 0, 1265371, 1425125, 1328917, 0, 1337606, 1371614, 1358516, 1358681, 1348950, 1424541, 1336779, 1319610, 1335989, 1326049, 1314680, 1351581, 1358819, 1366576, 1364861, 1345468, 1344015, 1312019, 1304278, 1316912, 1326385, 1323504, 1308392, 1330336, 1319951, 1341150, 1335854, 1332775, 1333410, 1338751, 1316940, 1311109, 868043, 1262240, 1294275, 1263207, 1263207, 1323767], [2525593, 2526678, 2958241, 3064613, 3310782, 1383895, 1436902, 1462605, 1376150, 1403521, 1360488, 1428387, 1461120, 1448624, 1373315, 1339788, 1338488, 1349101, 1348777, 1477595, 1413914, 1371004, 1364092, 1353360, 0, 1277711, 1440536, 3080382, 0, 1354693, 2928303, 3482065, 1376735, 3347553, 3411463, 3020897, 1335989, 3489124, 1346923, 3744120, 2233098, 1378474, 2973378, 1384469, 3548486, 3251623, 3165159, 2837778, 1335672, 1344792, 3090675, 3558565, 1348508, 1338335, 3357197, 3257508, 3233492, 1351759, 3141472, 3044844, 3535164, 858244, 3033214, 3063604, 2955551, 2954976, 1342228], [1438851, 1440893, 1380102, 1357379, 1374621, 1372160, 1424350, 1449111, 1366365, 1391695, 1350834, 1417678, 1449988, 1438024, 1363047, 1325901, 1324406, 1337806, 1337473, 1465899, 1404353, 1360707, 1353979, 1342459, 0, 1266465, 1426911, 1334484, 0, 1344779, 1374094, 1366388, 1366733, 1357767, 1431888, 1343874, 1326049, 1346923, 1339035, 1330026, 1360613, 1367800, 1375343, 1373937, 1358004, 1351871, 1318172, 1315467, 1326679, 1335569, 1332524, 1318396, 1339192, 1329354, 1349439, 1344418, 1342030, 1342423, 1345945, 1323890, 1321667, 836311, 1275736, 1305080, 1278771, 1278771, 1333069], [2638848, 2639782, 3135188, 3261834, 3538125, 1358728, 1409984, 1433665, 1355167, 1378163, 1339798, 1405429, 1437253, 1425901, 1351302, 1309978, 1308257, 1324881, 1324537, 1452518, 1393422, 1348930, 1342413, 1329988, 0, 1253599, 1411299, 3279689, 0, 1333441, 3097191, 3736577, 1355295, 3583464, 3640346, 3212941, 1314680, 3744120, 1330026, 4046466, 2316035, 1355586, 3155490, 1361888, 3814256, 3475402, 3383043, 3013404, 1316400, 1325026, 3296506, 3835028, 1328543, 1319088, 3596377, 3483526, 3456698, 1331752, 3346879, 3243910, 3804909, 811112, 3252887, 3280596, 3148694, 3148038, 1322600], [1972410, 1978477, 2061455, 2096753, 2199204, 1411169, 1467851, 1497508, 1398665, 1428572, 1373080, 1445550, 1475735, 1469909, 1390508, 1384321, 1385326, 1381645, 1381454, 1508163, 1438025, 1386696, 1378603, 1370585, 0, 1285433, 1483400, 2064928, 0, 1372276, 2032968, 2238022, 1391278, 2171884, 2254051, 2039115, 1351581, 2233098, 1360613, 2316035, 1840515, 1433264, 2085123, 1425914, 2256997, 2141040, 2081193, 1961889, 1353372, 1359749, 2060538, 2234749, 1361250, 1350411, 2179029, 2130495, 2119020, 1365727, 2086995, 2036132, 2223728, 915983, 2034990, 2057690, 1981187, 1980968, 1357395], [1495098, 1497648, 1425529, 1401422, 1417505, 1414530, 1470408, 1498987, 1403085, 1433130, 1381753, 1453209, 1485106, 1475691, 1397478, 1380715, 1380779, 1382112, 1381864, 1510639, 1441806, 1394359, 1386636, 1377750, 0, 1296349, 1481357, 1370319, 0, 1378726, 1415197, 1399658, 1399375, 1387300, 1469693, 1374855, 1358819, 1378474, 1367800, 1355586, 1433264, 1424086, 1425911, 1422785, 1387766, 1385969, 1351744, 1350698, 1359349, 1367073, 1363872, 1346599, 1369602, 1358833, 1381288, 1375320, 1373140, 1373550, 1377129, 1355695, 1349929, 907514, 1309770, 1336750, 1300342, 1300342, 1364586], [2315708, 2320197, 2596200, 2675043, 2865242, 1421205, 1476988, 1505358, 1409840, 1440269, 1390105, 1461586, 1494479, 1483272, 1405233, 1384849, 1384576, 1387617, 1387348, 1517345, 1448485, 1402375, 1394744, 1385627, 0, 1305457, 1486527, 2664357, 0, 1386196, 2564535, 2976104, 1407575, 2864622, 2938571, 2619099, 1366576, 2973378, 1375343, 3155490, 2085123, 1425911, 2621792, 1427045, 3018343, 2799775, 2722684, 2486601, 1366611, 1374831, 2669744, 3019089, 1377722, 1366905, 2876898, 2795184, 2775842, 1381490, 2705519, 2632147, 2995146, 909594, 2636297, 2664941, 2547297, 2546880, 1372288], [1494922, 1497292, 1428809, 1404143, 1421748, 1418891, 1474481, 1502612, 1407920, 1438046, 1388550, 1459706, 1492575, 1481301, 1403451, 1381688, 1381314, 1385161, 1384887, 1514867, 1446492, 1400647, 1393079, 1383768, 0, 1303892, 1483415, 1375735, 0, 1384430, 1420422, 1406038, 1405916, 1394463, 1476043, 1381645, 1364861, 1384469, 1373937, 1361888, 1425914, 1422785, 1427045, 1424348, 1394074, 1391868, 1357451, 1355358, 1364917, 1373229, 1369911, 1353284, 1376202, 1365447, 1387767, 1381915, 1379457, 1379925, 1383967, 1361979, 1356499, 905097, 1312721, 1341667, 1307133, 1307133, 1370682], [2555656, 2556011, 3005061, 3113814, 3365785, 1392850, 1446263, 1471737, 1386261, 1412995, 1370912, 1438470, 1471055, 1459069, 1383317, 1346183, 1344685, 1357575, 1357234, 1487018, 1424057, 1381117, 1374250, 1362773, 0, 1286153, 1448495, 3132154, 0, 1364480, 2975636, 3544548, 1387140, 3407241, 3470479, 3071092, 1345468, 3548486, 1358004, 3814256, 2256997, 1387766, 3018343, 1394074, 3614270, 3307512, 3219909, 2883237, 1345774, 1355100, 3143713, 3624538, 1358982, 1348915, 3416623, 3315459, 3291316, 1362202, 3195850, 3097007, 3600840, 854625, 3083996, 3114337, 3006032, 3005435, 1352519], [2408868, 2409531, 2789772, 2879739, 3102507, 1393743, 1447826, 1474571, 1383784, 1413867, 1367988, 1436618, 1469112, 1456839, 1381846, 1352476, 1351355, 1357391, 1357067, 1486256, 1420383, 1379657, 1372554, 1362772, 0, 1288084, 1451880, 2893052, 0, 1362664, 2765897, 3252357, 1384759, 3131441, 3198216, 2840100, 1344015, 3251623, 1351871, 3475402, 2141040, 1385969, 2799775, 1391868, 3307512, 3045617, 2965950, 2671051, 1341962, 1351709, 2899869, 3313111, 1355839, 1345324, 3138965, 3050346, 3028384, 1358936, 2948241, 2859931, 3292162, 883402, 2837615, 2869641, 2768815, 2768302, 1349049], [2342072, 2341660, 2719484, 2802772, 3019391, 1360535, 1413140, 1439298, 1350395, 1380034, 1334449, 1402033, 1433575, 1421885, 1348697, 1322061, 1321056, 1324457, 1324144, 1451116, 1386609, 1346344, 1339382, 1330266, 0, 1258135, 1417618, 2819823, 0, 1329976, 2696398, 3166735, 1350861, 3051084, 3115356, 2768710, 1312019, 3165159, 1318172, 3383043, 2081193, 1351744, 2722684, 1357451, 3219909, 2965950, 2891216, 2599837, 1309200, 1318661, 2825561, 3224541, 1322639, 1312299, 3056598, 2972390, 2951315, 1325651, 2874508, 2787677, 3206840, 866333, 2758598, 2790039, 2697626, 2697121, 1316062], [2189474, 2191353, 2474654, 2543423, 2721903, 1351525, 1403371, 1428671, 1343814, 1370297, 1327943, 1394221, 1426170, 1414343, 1340199, 1309980, 1308830, 1318488, 1318185, 1444447, 1382086, 1337838, 1331061, 1320782, 0, 1246110, 1408323, 2544228, 0, 1322430, 2446672, 2838116, 1343516, 2738892, 2805156, 2504719, 1304278, 2837778, 1315467, 3013404, 1961889, 1350698, 2486601, 1355358, 2883237, 2671051, 2599837, 2372942, 1305534, 1313260, 2551833, 2879235, 1315952, 1306163, 2744871, 2671756, 2654816, 1319577, 2589333, 2515905, 2862129, 838880, 2501576, 2530255, 2441647, 2441244, 1310857], [1431010, 1433003, 1372916, 1348338, 1366817, 1364290, 1416596, 1442093, 1356237, 1383574, 1340434, 1407643, 1439687, 1427845, 1353441, 1322465, 1321259, 1329559, 1329241, 1457165, 1394171, 1351046, 1344209, 1333991, 0, 1259866, 1420727, 1325656, 0, 1335116, 1366218, 1356149, 1356373, 1346934, 1421704, 1334361, 1316912, 1335672, 1326679, 1316400, 1353372, 1359349, 1366611, 1364917, 1345774, 1341962, 1309200, 1305534, 1316533, 1325162, 1322272, 1307261, 1328512, 1318475, 1339038, 1333848, 1331390, 1331862, 1335966, 1314271, 1310277, 849217, 1264863, 1295094, 1265275, 1265275, 1322651], [1437800, 1439716, 1381146, 1357197, 1376718, 1374264, 1427133, 1452938, 1365706, 1394028, 1350341, 1417773, 1449975, 1437794, 1363509, 1331703, 1330441, 1338678, 1338352, 1466376, 1402632, 1361293, 1354394, 1344194, 0, 1270221, 1430566, 1335538, 0, 1344750, 1377548, 1366342, 1366589, 1357119, 1432687, 1343860, 1326385, 1344792, 1335569, 1325026, 1359749, 1367073, 1374831, 1373229, 1355100, 1351709, 1318661, 1313260, 1325162, 1334525, 1331369, 1316843, 1338424, 1328217, 1349072, 1343847, 1340998, 1341549, 1346251, 1324116, 1319758, 860249, 1271069, 1302366, 1273459, 1273459, 1331934], [2312321, 2311738, 2667434, 2744926, 2948692, 1370950, 1423497, 1449099, 1362716, 1390502, 1346947, 1414645, 1446740, 1434888, 1360348, 1328986, 1327750, 1335332, 1335007, 1463802, 1400476, 1357933, 1351064, 1340881, 0, 1267040, 1427204, 2760562, 0, 1341733, 2644935, 3090220, 1363077, 2982257, 3047420, 2713534, 1323504, 3090675, 1332524, 3296506, 2060538, 1363872, 2669744, 1369911, 3143713, 2899869, 2825561, 2551833, 1322272, 1331369, 2767201, 3142577, 1335062, 1324895, 2985749, 2906481, 2886983, 1338268, 2815104, 2729537, 3127432, 854630, 2696671, 2727491, 2647703, 2647225, 1328803], [2541482, 2543524, 2997666, 3115670, 3379008, 1354724, 1406805, 1431873, 1347188, 1374598, 1332593, 1398213, 1429680, 1417853, 1345134, 1310834, 1309378, 1319241, 1318905, 1444844, 1382744, 1343147, 1336440, 1325874, 0, 1252871, 1408761, 3129301, 0, 1326633, 2965744, 3558356, 1348573, 3411301, 3471343, 3065641, 1308392, 3558565, 1318396, 3835028, 2234749, 1346599, 3019089, 1353284, 3624538, 3313111, 3224541, 2879235, 1307261, 1316843, 3142577, 3646282, 1321012, 1311112, 3425352, 3317880, 3291638, 1323921, 3189184, 3094510, 3613756, 843635, 3100257, 3130919, 2990625, 2990019, 1314282], [1439398, 1441254, 1383943, 1360614, 1380805, 1378420, 1431548, 1457469, 1369628, 1398494, 1354589, 1421989, 1454236, 1441798, 1367827, 1335242, 1333927, 1342307, 1341973, 1469683, 1405599, 1365756, 1358830, 1348622, 0, 1274849, 1434425, 1339791, 0, 1348810, 1382774, 1370780, 1371043, 1361574, 1437532, 1347750, 1330336, 1348508, 1339192, 1328543, 1361250, 1369602, 1377722, 1376202, 1358982, 1355839, 1322639, 1315952, 1328512, 1338424, 1335062, 1321012, 1342757, 1332463, 1353457, 1348224, 1345065, 1345672, 1350796, 1328392, 1323849, 866038, 1272786, 1304690, 1276776, 1276776, 1335786], [1428424, 1430280, 1373178, 1349948, 1369591, 1367233, 1419867, 1445390, 1359030, 1387200, 1344172, 1410735, 1442609, 1430467, 1357086, 1323762, 1322387, 1331439, 1331105, 1457975, 1394813, 1355052, 1348227, 1337857, 0, 1264414, 1422360, 1329187, 0, 1338317, 1371366, 1360127, 1360406, 1351116, 1426122, 1337264, 1319951, 1338335, 1329354, 1319088, 1350411, 1358833, 1366905, 1365447, 1348915, 1345324, 1312299, 1306163, 1318475, 1328217, 1324895, 1311112, 1332463, 1322357, 1342972, 1337830, 1334801, 1335377, 1340262, 1318057, 1313952, 855589, 1263706, 1295095, 1267831, 1267831, 1325617], [2459342, 2460204, 2865043, 2962976, 3198489, 1390186, 1443833, 1470196, 1380746, 1410321, 1365404, 1433697, 1466320, 1453595, 1379006, 1347510, 1346284, 1353820, 1353489, 1482066, 1416944, 1376889, 1369845, 1359840, 0, 1285595, 1447326, 2977952, 0, 1359743, 2840386, 3357563, 1382107, 3229637, 3295063, 2921738, 1341150, 3357197, 1349439, 3596377, 2179029, 1381288, 2876898, 1387767, 3416623, 3138965, 3056598, 2744871, 1339038, 1349072, 2985749, 3425352, 1353457, 1342972, 3238958, 3144643, 3121373, 1356380, 3035931, 2944015, 3402561, 877609, 2927027, 2959178, 2852562, 2852019, 1346401], [2397561, 2396537, 2792423, 2879664, 3101191, 1384360, 1437754, 1463888, 1375255, 1404494, 1360122, 1427966, 1460408, 1447817, 1373533, 1341335, 1340053, 1348074, 1347742, 1475902, 1411332, 1371442, 1364463, 1354340, 0, 1280393, 1440830, 2900302, 0, 1354384, 2772351, 3257334, 1376693, 3140498, 3205852, 2847352, 1335854, 3257508, 1344418, 3483526, 2130495, 1375320, 2795184, 1381915, 3315459, 3050346, 2972390, 2671756, 1333848, 1343847, 2906481, 3317880, 1348224, 1337830, 3144643, 3059051, 3037562, 1351141, 2959386, 2867490, 3301614, 871575, 2831004, 2863022, 2779920, 2779395, 1341189], [2383032, 2381602, 2774932, 2859384, 3077237, 1380869, 1434121, 1460092, 1372210, 1400886, 1357041, 1424632, 1456930, 1444714, 1370205, 1337715, 1336417, 1344955, 1344624, 1472994, 1408961, 1368042, 1361117, 1350795, 0, 1276496, 1437155, 2880388, 0, 1351269, 2753960, 3232652, 1373397, 3118169, 3183262, 2828655, 1332775, 3233492, 1342030, 3456698, 2119020, 1373140, 2775842, 1379457, 3291316, 3028384, 2951315, 2654816, 1331390, 1340998, 2886983, 3291638, 1345065, 1334801, 3121373, 3037562, 3017103, 1348173, 2939765, 2848077, 3277116, 864574, 2809585, 2841096, 2763262, 2762740, 1338373], [1444011, 1445901, 1387711, 1364087, 1384061, 1381631, 1434964, 1461015, 1372782, 1401702, 1357670, 1425289, 1457588, 1445337, 1370886, 1338612, 1337318, 1345600, 1345269, 1473608, 1409388, 1368750, 1361813, 1351565, 0, 1277414, 1437962, 1342774, 0, 1351902, 1385472, 1373799, 1374063, 1364580, 1440645, 1350960, 1333410, 1351759, 1342423, 1331752, 1365727, 1373550, 1381490, 1379925, 1362202, 1358936, 1325651, 1319577, 1331862, 1341549, 1338268, 1323921, 1345672, 1335377, 1356380, 1351141, 1348173, 1348756, 1353703, 1331304, 1326808, 866679, 1276610, 1308470, 1279873, 1279873, 1338914], [2338091, 2335364, 2712928, 2787027, 2992121, 1387912, 1441834, 1468467, 1377666, 1408378, 1362948, 1430835, 1463163, 1450637, 1376577, 1345910, 1344645, 1350969, 1350635, 1478846, 1413231, 1374633, 1367608, 1357901, 0, 1284836, 1444600, 2813179, 0, 1357225, 2699021, 3139903, 1379634, 3036799, 3103880, 2764056, 1338751, 3141472, 1345945, 3346879, 2086995, 1377129, 2705519, 1383967, 3195850, 2948241, 2874508, 2589333, 1335966, 1346251, 2815104, 3189184, 1350796, 1340262, 3035931, 2959386, 2939765, 1353703, 2873761, 2780525, 3181248, 882571, 2721909, 2755084, 2703776, 2703281, 1343538], [2281544, 2280361, 2633007, 2707204, 2907411, 1365309, 1418130, 1444248, 1355359, 1385181, 1340245, 1407308, 1439048, 1426873, 1353944, 1324820, 1323645, 1329172, 1328849, 1455276, 1390753, 1351877, 1344947, 1335520, 0, 1263373, 1421536, 2725894, 0, 1335054, 2616026, 3046106, 1356692, 2941830, 3007726, 2678849, 1316940, 3044844, 1323890, 3243910, 2036132, 1355695, 2632147, 1361979, 3097007, 2859931, 2787677, 2515905, 1314271, 1324116, 2729537, 3094510, 1328392, 1318057, 2944015, 2867490, 2848077, 1331304, 2780525, 2694886, 3081614, 868178, 2651632, 2683567, 2613444, 2612974, 1321481], [2522764, 2522195, 2985579, 3094179, 3349175, 1357415, 1409480, 1434462, 1350270, 1377194, 1335421, 1401340, 1433023, 1421082, 1347920, 1312966, 1311512, 1322259, 1321925, 1448049, 1386126, 1345832, 1339117, 1328391, 0, 1254853, 1411580, 3116619, 0, 1329440, 2956993, 3531486, 1351382, 3393857, 3454173, 3054346, 1311109, 3535164, 1321667, 3804909, 2223728, 1349929, 2995146, 1356499, 3600840, 3292162, 3206840, 2862129, 1310277, 1319758, 3127432, 3613756, 1323849, 1313952, 3402561, 3301614, 3277116, 1326808, 3181248, 3081614, 3591661, 841690, 3065058, 3095423, 2987778, 2987165, 1317206], [930363, 930514, 913546, 894996, 927939, 926202, 969348, 999780, 886313, 940140, 876340, 922007, 940679, 929113, 893794, 945366, 948113, 898810, 898800, 959375, 887718, 895268, 888521, 897444, 0, 865595, 985916, 886728, 0, 878738, 942509, 894031, 892424, 877849, 947681, 871922, 868043, 858244, 836311, 811112, 915983, 907514, 909594, 905097, 854625, 883402, 866333, 838880, 849217, 860249, 854630, 843635, 866038, 855589, 877609, 871575, 864574, 866679, 882571, 868178, 841690, 905900, 775085, 810386, 774120, 774120, 857800], [2302915, 2311710, 2603543, 2699165, 2912465, 1305634, 1354795, 1378123, 1301367, 1322929, 1283698, 1349158, 1379395, 1370325, 1296456, 1264824, 1263778, 1274306, 1274013, 1400525, 1343938, 1292883, 1286413, 1275279, 0, 1199693, 1360393, 2681540, 0, 1279867, 2551223, 3034575, 1298322, 2905722, 2964621, 2635156, 1262240, 3033214, 1275736, 3252887, 2034990, 1309770, 2636297, 1312721, 3083996, 2837615, 2758598, 2501576, 1264863, 1271069, 2696671, 3100257, 1272786, 1263706, 2927027, 2831004, 2809585, 1276610, 2721909, 2651632, 3065058, 775085, 2722040, 2745484, 2579621, 2579161, 1268914], [2330523, 2339077, 2634627, 2729035, 2945600, 1338972, 1390040, 1414659, 1332423, 1357529, 1316486, 1383197, 1414394, 1404289, 1329379, 1297954, 1296752, 1304705, 1304388, 1434397, 1374857, 1326234, 1319636, 1308890, 0, 1234526, 1394240, 2713753, 0, 1311870, 2585874, 3067413, 1331450, 2938721, 2999556, 2668019, 1294275, 3063604, 1305080, 3280596, 2057690, 1336750, 2664941, 1341667, 3114337, 2869641, 2790039, 2530255, 1295094, 1302366, 2727491, 3130919, 1304690, 1295095, 2959178, 2863022, 2841096, 1308470, 2755084, 2683567, 3095423, 810386, 2745484, 2773466, 2606482, 2606022, 1299999], [2222995, 2222942, 2554181, 2622985, 2807968, 1304224, 1352821, 1375042, 1301466, 1322870, 1287657, 1349833, 1380553, 1369149, 1297916, 1255708, 1253797, 1271872, 1271532, 1394660, 1338680, 1295836, 1289727, 1277498, 0, 1204970, 1353254, 2643345, 0, 1281048, 2531112, 2944953, 1302193, 2852434, 2912546, 2601389, 1263207, 2955551, 1278771, 3148694, 1981187, 1300342, 2547297, 1307133, 3006032, 2768815, 2697626, 2441647, 1265275, 1273459, 2647703, 2990625, 1276776, 1267831, 2852562, 2779920, 2763262, 1279873, 2703776, 2613444, 2987778, 774120, 2579621, 2606482, 2584395, 2583939, 1271146], [2222729, 2222680, 2553751, 2622531, 2807457, 1304224, 1352821, 1375042, 1301466, 1322870, 1287657, 1349833, 1380553, 1369149, 1297916, 1255708, 1253797, 1271872, 1271532, 1394660, 1338680, 1295836, 1289727, 1277498, 0, 1204970, 1353254, 2642868, 0, 1281048, 2530692, 2944380, 1302193, 2851891, 2912009, 2600934, 1263207, 2954976, 1278771, 3148038, 1980968, 1300342, 2546880, 1307133, 3005435, 2768302, 2697121, 2441244, 1265275, 1273459, 2647225, 2990019, 1276776, 1267831, 2852019, 2779395, 2762740, 1279873, 2703281, 2612974, 2987165, 774120, 2579161, 2606022, 2583939, 2583484, 1271146], [1435307, 1437230, 1378550, 1354608, 1373961, 1371506, 1424235, 1449951, 1363074, 1391195, 1347662, 1414972, 1447123, 1434973, 1360787, 1328988, 1327726, 1336069, 1335743, 1463558, 1400006, 1358557, 1351674, 1341461, 0, 1267511, 1427726, 1332874, 0, 1342109, 1374672, 1363620, 1363864, 1354409, 1429789, 1341198, 1323767, 1342228, 1333069, 1322600, 1357395, 1364586, 1372288, 1370682, 1352519, 1349049, 1316062, 1310857, 1322651, 1331934, 1328803, 1314282, 1335786, 1325617, 1346401, 1341189, 1338373, 1338914, 1343538, 1321481, 1317206, 857800, 1268914, 1299999, 1271146, 1271146, 1329359]]